23189.664063 -52038.125000
-298.919830 26690.394531
-31620.322266 33725.765625
-22678.398438 25913.683594
24607.707031 16777.916016
33330.656250 -11697.396484
-15479.961914 -18270.099609
-41512.347656 18747.062500
-11805.026367 32656.607422
7179.978027 -1027.506470
-11893.079102 -13669.226563
-16432.490234 7113.603027
1853.744507 -1368.366699
-5620.704102 -31444.707031
-27612.910156 -28348.607422
-8223.886719 -16829.447266
34480.972656 -39264.855469
36054.593750 -59618.675781
2849.591553 -48578.535156
-9005.832031 -38226.921875
2384.212402 -33645.996094
-8825.211914 -9766.196289
-48992.625000 9181.514648
-67568.656250 -4246.079102
-31032.078125 -14990.724609
18955.357422 -2196.665527
19997.441406 -4405.333496
-11013.516602 -31725.230469
-10727.663086 -44456.613281
9108.325195 -33970.359375
-6485.989258 -22896.814453
-28133.083984 -11475.912109
-1173.681519 -372.276764
28855.601563 -10180.130859
11729.807617 -33952.808594
923.339844 -37847.882813
22160.785156 -18393.070313
5414.152832 2792.835693
-46428.601563 18809.632813
-37511.648438 26912.498047
26802.615234 18292.109375
55010.449219 422.402740
47010.984375 -9897.599609
46136.285156 -10190.528320
22629.015625 -1090.138306
-26357.208984 16620.820313
-26766.761719 23651.201172
20545.207031 2970.331055
31559.771484 -31358.914063
9116.244141 -56934.035156
23937.173828 -61681.226563
58301.761719 -33875.707031
43576.039063 13512.437500
-7600.968262 28251.046875
-34310.128906 -8466.046875
-25943.853516 -39309.199219
-12870.853516 -19336.894531
-12090.478516 16941.626953
-14569.928711 26000.820313
-4131.372559 17439.136719
12718.428711 12751.552734
9712.828125 10230.362305
-7137.084473 3349.043213
5237.110840 -10997.110352
48151.515625 -28437.226563
58881.976563 -29099.595703
10592.139648 -9225.771484
-30759.628906 -262.201874
-4821.138184 -14706.667969
46587.722656 -20669.552734
51153.152344 -3381.553955
21751.250000 13424.235352
12627.462891 18906.525391
13629.801758 11653.403320
-915.525635 -38987.761719
28209.958984 -141573.109375
171811.046875 -214607.968750
379175.937500 -152028.281250
508812.000000 53374.148438
454411.718750 298793.125000
212369.734375 468840.562500
-115241.078125 504561.562500
-385005.218750 383799.625000
-514600.437500 107927.453125
-484130.312500 -237221.562500
-272211.781250 -478412.062500
84394.460938 -505551.625000
415113.875000 -364188.781250
547027.937500 -132450.906250
462757.812500 163619.500000
241547.296875 434991.156250
-36389.128906 526026.062500
-266257.093750 438527.531250
-353135.406250 365870.937500
-307370.406250 420880.718750
-184548.015625 518927.156250
17707.078125 554195.187500
278304.312500 493981.500000
480915.875000 325769.281250
552576.125000 109232.992188
552410.750000 18893.191406
530148.937500 155605.156250
431385.687500 394470.156250
216824.015625 546148.562500
-45163.921875 559449.250000
-257631.609375 489219.031250
-374486.906250 407833.562500
-378055.156250 397669.593750
-258410.578125 484317.781250
-43823.636719 557951.937500
193758.000000 496883.218750
382198.437500 345453.125000
484509.781250 245195.234375
490289.937500 258538.406250
387200.750000 363598.812500
165631.953125 502854.781250
-130921.031250 551645.562500
-392526.093750 398964.781250
-532343.937500 128990.851563
-568497.000000 -42482.265625
-561770.437500 -26251.849609
-513238.093750 109117.726563
-395071.375000 292712.375000
-230436.625000 459635.000000
-66550.007813 521327.500000
68891.265625 486802.406250
122512.296875 474797.031250
18256.498047 509598.156250
-224414.546875 475366.750000
-459746.281250 313310.750000
-558553.437500 86815.125000
-523704.625000 -133046.625000
-456579.906250 -285272.312500
-457239.531250 -285198.906250
-530527.875000 -114300.375000
-565728.000000 123011.742188
-462804.156250 314119.531250
-269964.062500 434380.250000
-125330.289063 502809.343750
-108261.507813 523404.937500
-218304.625000 478824.156250
-408324.218750 340621.906250
-560810.437500 106404.726563
-546820.437500 -163318.781250
-383359.687500 -380240.250000
-236617.093750 -491392.718750
-233651.031250 -490140.031250
-350199.375000 -399739.750000
-478086.156250 -253299.234375
-533894.437500 -62517.441406
-512457.125000 164724.687500
-470699.468750 354905.031250
-463849.312500 390779.593750
-503955.406250 242549.203125
-551164.875000 3312.139160
-511429.843750 -227575.406250
-315428.625000 -413510.406250
-49076.277344 -529727.375000
105209.570313 -550247.750000
85183.789063 -510052.125000
-37150.472656 -484029.093750
-222205.265625 -467955.250000
-441706.656250 -367832.093750
-575619.937500 -155074.046875
-560154.812500 49746.648438
-515743.562500 105110.429688
-527133.125000 -7339.041016
-479908.437500 -210065.765625
-278182.718750 -413336.875000
-5934.052246 -525621.562500
230516.718750 -496377.875000
392835.312500 -408785.343750
420486.562500 -409398.062500
275846.062500 -503883.937500
46696.539063 -555595.562500
-165425.562500 -497397.843750
-355416.156250 -384349.750000
-507714.437500 -237010.140625
-545352.750000 -11811.394531
-454352.875000 261145.984375
-295865.250000 467191.875000
-90700.484375 542667.812500
155884.437500 512082.625000
367590.656250 404660.437500
474354.625000 223486.468750
496230.156250 -15562.376953
453651.562500 -266464.218750
312801.156250 -463808.656250
90309.390625 -546944.312500
-125084.132813 -503859.812500
-294092.562500 -379201.375000
-432751.437500 -216190.921875
-508220.937500 -30334.890625
-487196.687500 138427.562500
-450454.406250 209854.656250
-492446.000000 140853.781250
-562983.562500 -19123.375000
-562680.375000 -165662.671875
-513736.625000 -201298.140625
-497388.656250 -90913.445313
-518064.906250 81468.398438
-536152.750000 148970.468750
-529597.500000 21938.466797
-457209.500000 -226270.109375
-274229.093750 -459382.593750
-17554.921875 -582026.375000
212520.328125 -551726.250000
340657.781250 -425977.531250
334820.312500 -373214.406250
219338.515625 -475206.468750
117486.250000 -583046.125000
166940.343750 -535629.562500
342862.687500 -397561.062500
473263.937500 -312641.000000
457204.750000 -296671.687500
359896.218750 -325893.156250
284503.281250 -415191.812500
265724.812500 -492257.468750
305312.656250 -430064.437500
401267.250000 -267795.812500
504448.312500 -172552.203125
528572.812500 -196310.515625
438120.937500 -277406.406250
269668.187500 -390992.906250
63214.839844 -508505.031250
-153911.000000 -541460.062500
-317564.281250 -478517.500000
-344939.625000 -435006.656250
-212121.296875 -469978.156250
33182.457031 -495490.468750
307239.406250 -413307.156250
504787.343750 -225429.312500
552213.500000 -12551.976563
495183.875000 118098.906250
461023.093750 100892.914063
492640.156250 -34444.050781
490585.718750 -212160.031250
358104.375000 -380906.343750
139208.437500 -497829.718750
-30051.015625 -533110.500000
-54542.757813 -523852.437500
77128.195313 -510550.593750
311370.093750 -429808.437500
523359.062500 -209141.953125
569318.937500 78913.335938
443095.687500 296383.406250
317712.500000 399265.937500
340139.687500 408488.656250
458236.437500 335345.468750
525394.062500 233644.375000
479778.750000 210908.984375
356955.156250 310703.625000
226336.406250 452512.375000
167594.437500 511594.531250
227318.062500 439771.937500
356587.187500 328556.281250
432756.875000 320049.625000
367171.906250 420266.406250
195146.984375 502798.281250
58513.468750 521434.281250
75156.976563 535015.187500
226559.968750 515648.781250
400350.375000 373058.718750
508531.718750 151232.484375
526152.437500 -35795.843750
482236.406250 -178714.265625
460401.562500 -268009.562500
516036.218750 -184765.343750
558479.187500 90890.625000
435926.281250 364105.781250
160052.953125 486847.687500
-90156.625000 519589.500000
-187972.187500 537793.625000
-141568.312500 519727.656250
3651.534180 477010.812500
192607.453125 459757.187500
344143.468750 416950.062500
433119.312500 262400.187500
507223.718750 66830.617188
554145.250000 5838.286621
502519.250000 133555.406250
395781.312500 328831.812500
367051.437500 435421.437500
423818.281250 387628.000000
466109.031250 244493.765625
482106.031250 143227.734375
499910.781250 182774.937500
430632.593750 334100.156250
195899.140625 478562.125000
-97223.250000 515408.968750
-309850.843750 412454.468750
-449515.968750 190521.968750
-532779.937500 -90371.875000
-467573.281250 -341085.562500
-223575.468750 -489793.906250
69679.281250 -521691.656250
299561.906250 -445071.031250
462126.031250 -249386.937500
530211.750000 44336.886719
432053.625000 330398.062500
205379.375000 500039.062500
9186.087891 546111.187500
-38351.875000 525263.625000
59769.449219 480607.718750
210113.515625 452576.062500
269741.531250 473082.812500
147470.218750 511769.156250
-73910.718750 519062.125000
-201370.859375 509872.593750
-144491.078125 516340.625000
10264.704102 523717.468750
116889.093750 525195.875000
82383.750000 535312.250000
-87974.765625 520422.656250
-275241.125000 453943.750000
-325687.000000 412127.437500
-208912.187500 459525.312500
-58462.855469 523875.718750
-31537.472656 525683.625000
-168336.281250 492198.750000
-380800.750000 430247.968750
-526014.687500 264264.250000
-509385.156250 -13261.962891
-373403.250000 -288776.218750
-267736.656250 -454153.000000
-289224.062500 -475782.343750
-387232.187500 -385543.125000
-458490.531250 -283279.687500
-462154.093750 -270432.375000
-395217.312500 -348679.875000
-263371.187500 -450751.062500
-149774.187500 -524893.187500
-179874.328125 -532714.437500
-327360.843750 -470900.062500
-399270.218750 -424853.125000
-296930.875000 -470983.500000
-132647.406250 -546541.437500
-37161.355469 -552906.250000
-35281.277344 -512629.187500
-121384.523438 -492718.937500
-249455.609375 -485254.968750
-272826.156250 -476279.781250
-105459.070313 -498653.687500
111862.320313 -539930.687500
185965.109375 -536250.062500
111569.234375 -494459.156250
-991.152649 -491618.937500
-81925.906250 -539747.375000
-69346.625000 -557851.250000
91129.882813 -494207.093750
304117.593750 -408061.312500
359241.062500 -397245.468750
189063.671875 -465016.281250
-61333.175781 -506097.593750
-258514.593750 -438737.968750
-408683.406250 -296765.250000
-528519.750000 -174586.109375
-559048.875000 -143458.953125
-474232.093750 -224576.953125
-350427.343750 -369635.437500
-279976.781250 -466973.656250
-303004.250000 -429085.968750
-414935.031250 -270659.562500
-542742.812500 -69920.359375
-561385.125000 119368.007813
-444565.000000 286688.593750
-324596.062500 415540.875000
-312613.687500 451575.812500
-377228.500000 357025.937500
-457393.406250 196136.625000
-528829.562500 103734.445313
-536053.187500 143433.265625
-452273.406250 248952.968750
-385856.937500 307696.656250
-437404.281250 254917.609375
-531599.812500 115392.601563
-556662.437500 -6626.186523
-533278.875000 -14937.527344
-508197.281250 95952.804688
-443416.687500 274181.406250
-300905.312500 462546.718750
-94337.914063 575405.750000
149627.750000 537720.437500
373270.812500 385659.593750
501913.218750 206105.500000
530364.062500 1237.973755
482631.156250 -239162.625000
325427.593750 -418731.031250
83349.734375 -463604.000000
-68523.328125 -456826.843750
-6234.881348 -485302.437500
188754.109375 -485234.531250
386327.656250 -361562.437500
522129.968750 -130144.320313
530513.312500 126045.460938
408978.625000 326139.218750
309319.718750 406551.000000
343593.031250 362392.531250
424150.812500 269323.062500
451321.593750 225285.125000
439520.281250 281693.437500
378503.375000 411075.187500
250305.640625 520151.250000
178809.421875 531490.250000
277428.968750 448985.781250
440595.843750 307422.968750
517017.375000 110972.578125
503603.281250 -130736.445313
415021.406250 -362909.843750
220390.437500 -512148.156250
-13079.504883 -531671.437500
-169075.890625 -453926.687500
-243233.156250 -398551.906250
-249959.453125 -444575.562500
-133442.562500 -522844.125000
52597.562500 -537233.312500
107129.320313 -515992.875000
-37795.757813 -527536.875000
-211469.437500 -551460.562500
-235152.531250 -541942.437500
-82601.500000 -512688.000000
166867.687500 -475657.593750
395683.312500 -376347.968750
507426.531250 -151816.203125
481279.343750 167525.296875
338416.406250 443130.750000
98230.320313 552072.562500
-178662.750000 507066.250000
-389669.125000 378258.875000
-482010.156250 161123.375000
-475307.343750 -136782.937500
-409545.093750 -377124.437500
-347310.125000 -437583.343750
-365776.531250 -360946.843750
-461746.687500 -219503.953125
-529211.687500 -2159.264648
-485103.000000 259953.546875
-341387.125000 451807.781250
-135937.796875 523089.437500
106642.023438 509802.906250
334347.062500 417223.406250
479397.125000 232455.500000
520214.375000 919.332214
474598.062500 -216161.890625
348328.625000 -390442.750000
144226.500000 -493427.531250
-102533.960938 -500215.750000
-332675.437500 -419828.500000
-483667.093750 -264702.343750
-518158.562500 -50359.402344
-478342.625000 149569.187500
-462191.687500 238516.312500
-494019.968750 190775.156250
-506793.500000 47566.910156
-492044.375000 -118272.671875
-522088.187500 -188767.953125
-583493.125000 -71653.804688
-560904.937500 168123.531250
-413998.468750 367733.062500
-206623.031250 462264.375000
21390.259766 495646.406250
252210.296875 472551.281250
423413.625000 348828.062500
504517.406250 155582.703125
544692.812500 19047.039063
553985.562500 45861.109375
470655.718750 224613.609375
286573.281250 432788.593750
53389.460938 539241.750000
-210860.000000 502570.406250
-461893.687500 349963.468750
-565540.875000 100140.265625
-461594.781250 -211446.859375
-267781.625000 -469608.437500
-81282.640625 -553351.375000
147537.515625 -460903.656250
419348.187500 -278541.437500
571789.437500 -57706.039063
495691.375000 187683.578125
296130.468750 397905.406250
147270.359375 494910.593750
122643.117188 489010.281250
208364.968750 454096.406250
354989.343750 391547.875000
481509.437500 227689.890625
513908.593750 -36680.582031
441244.781250 -291114.312500
299248.718750 -455749.437500
115458.843750 -538961.750000
-95355.500000 -540667.750000
-299653.843750 -429405.406250
-447304.875000 -233123.734375
-517579.625000 -37383.636719
-541105.875000 97789.859375
-552126.937500 128879.320313
-538446.312500 7032.921875
-462245.437500 -233506.093750
-303362.125000 -449393.093750
-66278.335938 -530340.125000
208470.406250 -478688.250000
425862.468750 -323627.250000
496392.062500 -80463.960938
441048.406250 185697.140625
376426.437500 365197.031250
380687.937500 391105.718750
435733.968750 284499.156250
493315.468750 149856.921875
517140.781250 121977.656250
474673.500000 235679.531250
376868.125000 379866.812500
309523.781250 449154.250000
346661.218750 436725.687500
455243.562500 324856.312500
540428.250000 75379.117188
539350.250000 -216387.296875
434398.906250 -388888.781250
243985.437500 -449561.937500
24016.132813 -499784.687500
-181964.984375 -491474.625000
-370846.218750 -327583.343750
-508366.062500 -83131.343750
-522539.468750 120913.843750
-437249.812500 282013.625000
-394531.843750 368495.906250
-467976.093750 262898.531250
-558338.125000 -8906.277344
-524198.562500 -263812.687500
-325954.250000 -426471.531250
-25484.757813 -529686.562500
272475.312500 -507328.218750
470657.687500 -291414.968750
535651.250000 -13701.014648
519413.125000 149365.125000
499963.375000 186724.546875
503635.875000 132085.843750
500659.031250 -47411.437500
455756.437500 -301158.656250
341747.000000 -464514.843750
133689.984375 -480134.843750
-140275.328125 -442192.500000
-376459.812500 -386032.218750
-501788.625000 -256018.781250
-545374.312500 -104667.609375
-539287.125000 -96218.257813
-460376.468750 -259149.812500
-341973.281250 -424707.906250
-302099.468750 -463285.187500
-384946.750000 -406121.125000
-497286.562500 -288731.750000
-537025.125000 -74138.656250
-484245.906250 199649.531250
-381439.375000 389892.000000
-309834.500000 433468.750000
-342038.343750 388654.437500
-455148.468750 286256.750000
-539791.000000 139690.671875
-528593.562500 66192.343750
-464294.968750 169906.140625
-424603.375000 343789.937500
-435383.531250 381028.687500
-479982.843750 235368.953125
-536308.312500 39888.167969
-566420.187500 -58039.648438
-533241.062500 -1826.042603
-471229.000000 141296.531250
-463867.375000 217028.734375
-515907.093750 131633.781250
-546946.187500 -49008.550781
-526782.312500 -189740.468750
-502533.937500 -208591.296875
-504317.218750 -102632.281250
-530991.875000 41666.757813
-575453.562500 76562.343750
-582950.750000 -64230.644531
-473949.531250 -284306.375000
-252405.125000 -443571.687500
2770.045166 -487247.687500
232084.531250 -442276.000000
388382.312500 -386686.500000
407204.000000 -409163.593750
270478.125000 -507288.468750
37108.910156 -570262.625000
-211481.109375 -517571.375000
-400864.500000 -373704.937500
-484377.500000 -183783.671875
-481347.093750 33288.730469
-436659.875000 238277.562500
-361277.375000 382994.781250
-292033.250000 455352.031250
-319969.187500 434647.000000
-449071.781250 263250.218750
-531338.375000 -46072.722656
-443261.343750 -343717.187500
-237099.250000 -489249.312500
-62336.574219 -511581.250000
-17361.660156 -522304.593750
-98920.828125 -533018.937500
-226722.625000 -489964.812500
-289126.062500 -431559.968750
-207014.687500 -449191.937500
-11001.293945 -528664.562500
142307.250000 -580223.750000
108805.453125 -579618.062500
-64460.765625 -557848.937500
-182773.296875 -526251.562500
-126700.867188 -500156.125000
67231.296875 -492799.343750
304590.406250 -436959.031250
490730.593750 -242000.281250
553606.125000 45988.523438
513051.687500 262116.593750
464066.843750 306655.093750
455928.906250 221229.203125
472325.218750 105863.796875
496579.375000 44082.238281
497887.500000 91885.351563
434982.531250 251142.187500
350909.875000 418201.312500
343623.000000 437101.437500
408392.843750 288786.812500
455524.906250 156701.968750
458614.718750 199279.640625
430511.843750 350850.000000
343546.218750 460118.468750
229210.359375 490368.968750
220045.546875 460656.937500
353400.781250 342720.468750
484657.437500 131768.593750
492929.687500 -102111.156250
423332.000000 -285964.375000
376205.218750 -373157.062500
392106.968750 -327242.093750
457460.781250 -164761.000000
510508.125000 46087.183594
453236.687500 270051.937500
240308.140625 484831.750000
-54255.503906 587294.062500
-303102.156250 475662.656250
-444948.187500 213502.296875
-511831.750000 -30583.650391
-551240.000000 -160045.859375
-566435.937500 -157158.718750
-552278.312500 -32068.685547
-533911.312500 114011.820313
-522723.843750 114151.656250
-491299.656250 -60675.238281
-442152.406250 -244628.531250
-435880.031250 -284415.343750
-501748.375000 -185390.250000
-578400.875000 -54690.335938
-584143.000000 -18485.554688
-509812.906250 -142469.250000
-421654.781250 -336588.125000
-387365.687500 -425202.656250
-413807.750000 -358974.312500
-463274.312500 -243528.328125
-500993.968750 -176634.953125
-491642.093750 -192393.546875
-400682.968750 -301197.500000
-264817.218750 -451904.218750
-199828.078125 -530552.000000
-270710.031250 -476679.812500
-414274.968750 -322029.750000
-523804.968750 -110024.609375
-538661.812500 123176.492188
-463961.500000 310981.125000
-382317.593750 382711.875000
-394893.093750 315354.781250
-486866.906250 154387.093750
-543912.437500 12867.710938
-529160.187500 2597.262695
-499342.937500 131663.875000
-440353.656250 314439.718750
-269368.843750 465803.062500
-11355.758789 538588.125000
185221.281250 533439.125000
211289.390625 513508.781250
78455.367188 531061.125000
-116071.820313 546467.062500
-237016.437500 513526.781250
-198189.937500 484144.437500
-56080.093750 519025.968750
44046.238281 573873.187500
18102.695313 569773.000000
-114885.523438 499924.437500
-283703.968750 416102.031250
-381537.406250 380686.187500
-315602.968750 432537.125000
-137585.156250 528103.812500
-44271.160156 555580.625000
-155936.031250 474187.968750
-364153.250000 373569.468750
-472028.375000 340937.031250
-415555.218750 361726.093750
-288021.562500 398187.218750
-213376.703125 450434.093750
-247907.703125 483628.187500
-362263.468750 407264.656250
-478664.468750 186132.734375
-524806.000000 -104383.359375
-453162.187500 -359285.031250
-241474.500000 -515643.718750
69898.117188 -540481.687500
358361.343750 -417161.281250
502401.093750 -170991.718750
478675.281250 118425.054688
338692.906250 358595.781250
127867.359375 496649.718750
-122111.320313 512610.250000
-353602.343750 390657.875000
-496575.250000 161747.687500
-531298.000000 -47941.308594
-513016.625000 -103907.101563
-506657.781250 3839.220459
-496372.656250 179402.375000
-398413.406250 336395.031250
-186242.531250 441491.375000
37876.386719 501572.250000
132457.390625 542103.312500
52955.121094 552137.875000
-121755.828125 487485.625000
-266674.625000 382969.406250
-295326.250000 358857.875000
-206791.640625 445769.750000
-88254.101563 532237.250000
-57576.460938 536407.875000
-167960.375000 485240.437500
-353799.531250 411622.156250
-476048.531250 334685.812500
-435805.312500 327257.687500
-251770.796875 436228.625000
-19371.199219 557014.875000
193404.296875 537956.750000
372012.000000 391072.781250
484838.000000 277324.187500
466661.250000 300181.093750
319316.468750 408261.656250
162505.171875 495995.843750
120035.328125 525285.500000
201913.031250 515084.062500
338704.218750 447966.156250
461427.343750 264747.562500
513486.218750 -16877.072266
460472.718750 -266174.468750
317930.875000 -394834.156250
124762.796875 -451997.843750
-94912.367188 -479614.187500
-307775.218750 -412444.000000
-462788.906250 -227183.156250
-540062.375000 -29046.658203
-557105.687500 98121.734375
-532420.187500 148940.671875
-491940.312500 82708.921875
-470919.468750 -117706.117188
-472710.062500 -291315.781250
-481410.781250 -253657.781250
-509071.406250 -68813.671875
-554822.875000 39269.484375
-562075.375000 -28046.740234
-501363.250000 -194680.515625
-432816.468750 -335368.093750
-422526.375000 -354370.500000
-466484.843750 -234098.375000
-517689.062500 -42906.058594
-510635.937500 148910.843750
-393677.437500 319002.093750
-223156.390625 445548.937500
-153213.031250 495077.000000
-250709.687500 461020.343750
-407502.656250 361960.031250
-487899.656250 245110.875000
-460783.437500 201165.390625
-368285.687500 279688.125000
-280541.812500 396122.000000
-282365.437500 413032.187500
-395677.187500 279214.843750
-519455.437500 39595.191406
-517434.593750 -219852.984375
-343562.093750 -416304.156250
-56746.511719 -518692.625000
236776.109375 -526494.312500
443544.406250 -401864.500000
538814.375000 -143908.843750
571563.000000 90984.500000
587658.375000 117904.906250
566695.187500 -51606.218750
459867.718750 -257761.968750
269000.375000 -397886.125000
59669.957031 -468541.343750
-89524.226563 -495667.781250
-122559.906250 -504792.812500
-17531.111328 -497808.468750
176359.781250 -460184.687500
321108.218750 -425887.500000
289007.437500 -451468.812500
96253.867188 -504931.218750
-128072.820313 -495460.656250
-300902.312500 -401018.656250
-428590.187500 -263270.562500
-513598.062500 -130228.734375
-526509.187500 -88474.304688
-459794.781250 -216541.015625
-319710.093750 -432268.781250
-93508.273438 -539717.437500
193889.484375 -465055.625000
435371.281250 -290080.781250
529648.687500 -71573.578125
468019.156250 191720.312500
291158.937500 434399.718750
36692.847656 537790.437500
-229198.234375 467697.093750
-416679.375000 286594.406250
-488223.656250 49018.832031
-457197.718750 -215637.218750
-318658.437500 -440546.562500
-71621.265625 -539631.875000
212701.750000 -485138.250000
430149.187500 -308744.906250
522269.375000 -55283.261719
476570.406250 213297.671875
316283.750000 415190.031250
114073.664063 508098.593750
-44297.179688 526234.687500
-95838.195313 530865.500000
8386.208008 540875.750000
237338.546875 511946.218750
419574.375000 381445.875000
415909.031250 157021.312500
298161.843750 -59504.058594
185200.265625 -174817.031250
59001.851563 -186909.890625
-67546.312500 -133805.546875
-57147.082031 -42169.984375
79896.554688 37642.664063
129004.750000 44608.292969
31392.279297 -8983.341797
-36205.441406 -50098.851563
-3141.522217 -47714.199219
20612.105469 -28892.968750
-3606.290039 -11322.035156
-24047.617188 10955.373047
-42987.144531 31653.933594
-61840.371094 30854.359375
-39835.843750 6155.711914
-15925.001953 -14770.063477
-58711.921875 -4692.264160
-92004.421875 21226.119141
-20425.703125 25007.476563
55608.101563 9920.054688
11794.560547 13483.597656
-61207.410156 36049.164063
-35021.167969 38676.632813
24916.988281 9015.502930
15644.373047 -25822.570313
-13057.595703 -40803.089844
3931.464844 -31257.923828
15046.597656 -7774.242676
-13345.808594 12750.458984
-16629.812500 23592.205078
27310.441406 25790.525391
48447.695313 12800.648438
22950.673828 -12723.389648
4941.586914 -25270.769531
7721.088379 -13641.338867
-6235.771973 -734.872620
-30590.886719 -6295.481934
-27946.716797 -22995.912109
-9124.073242 -28373.201172
-9140.657227 -3129.112549
-19388.126953 40204.031250
-7750.931152 54575.378906
23269.341797 23731.183594
37277.550781 -9913.022461
12514.491211 -22054.884766
-23805.501953 -35103.339844
-26670.896484 -41852.167969
-1859.509644 -7778.885742
4708.578125 37209.589844
-8438.333008 32234.308594
265.323822 -4083.956299
30361.269531 -14250.283203
41943.578125 -3481.826660
28002.037109 -426.026855
8562.455078 5522.876953
-9900.950195 15349.080078
-19348.410156 2329.685059
-10080.608398 -20192.765625
2298.000488 -11797.510742
7777.633301 13260.907227
24204.353516 8674.493164
42314.148438 -22307.589844
26711.775391 -37722.210938
-2266.167725 -18721.597656
4230.169434 16357.981445
23205.951172 31546.906250
10412.595703 8622.967773
-4149.543457 -17812.128906
8471.601563 -122.079048
