15982.081055 42809.121094
19326.519531 24312.105469
7406.427734 -23598.804688
-26659.503906 -24090.537109
-42158.480469 11930.121094
-16757.601563 9882.818359
5933.135254 -15490.624023
-3221.293701 4439.083496
-10546.602539 42386.863281
3439.704834 33482.855469
8776.876953 7800.261719
-4505.621582 11318.797852
-8359.222656 14338.841797
1284.209839 7394.188477
1288.611694 31624.496094
-6785.967285 61778.035156
-3751.217041 34397.367188
5685.050293 -12611.609375
3982.187988 -109.346306
-6526.708496 46592.832031
-11335.435547 57235.820313
-5841.437500 38065.195313
2663.583252 27984.294922
2376.716309 25211.435547
-10216.506836 19948.560547
-19889.208984 20103.332031
-6447.178711 22750.117188
24234.064453 15132.836914
34187.980469 -4116.499512
-1440.502075 -31548.152344
-46297.035156 -61479.199219
-39060.769531 -76012.867188
14959.130859 -61404.757813
46740.183594 -29741.976563
31268.955078 -5700.858887
11736.295898 -2105.924316
7053.583496 -12697.689453
-4135.079590 -15838.540039
-11214.959961 6880.069336
7368.526367 42831.804688
17009.662109 54565.093750
-12840.300781 26327.228516
-36500.320313 -12343.360352
-13211.332031 -22473.080078
18776.628906 -188.116608
16524.394531 25288.060547
-5511.007324 27047.060547
-20842.787109 7667.132813
-21602.929688 -5200.667969
-5104.417480 6950.637207
15040.750977 27554.455078
16473.730469 27090.332031
9257.077148 8174.030762
17131.740234 5289.946777
29097.101563 31288.187500
27207.656250 51530.257813
23230.589844 34668.187500
22034.210938 925.989502
8879.334961 -14778.804688
-3021.459229 -12821.152344
12934.309570 -5635.807617
29923.714844 8078.146484
-1221.175537 13659.114258
-58513.753906 -11585.164063
-72108.523438 -41758.609375
-35200.488281 -34043.917969
-10260.350586 -14973.421875
-20217.144531 -41545.238281
-10430.185547 -99964.718750
45100.621094 -135259.453125
63842.503906 -137595.875000
-36438.929688 -125725.242188
-179477.281250 -105848.148438
-203331.765625 -95005.890625
-99184.398438 -121692.851563
-29464.591797 -174760.593750
-74495.515625 -198639.078125
-133927.062500 -157794.500000
-131145.500000 -90507.484375
-124230.101563 -76103.664063
-145474.218750 -134205.203125
-122164.539063 -199394.031250
-24139.035156 -221621.578125
77390.757813 -211296.281250
133912.031250 -166201.765625
161734.875000 -82614.437500
165871.890625 -35141.511719
134305.375000 -86777.257813
73304.718750 -162548.421875
-13075.764648 -167276.609375
-114336.093750 -126097.539063
-180492.421875 -87737.523438
-179497.140625 -55758.101563
-148285.468750 -77517.445313
-116053.335938 -185668.203125
-51543.656250 -262337.781250
57588.570313 -197039.937500
158216.390625 -92208.281250
200902.765625 -87893.398438
189777.421875 -138637.312500
150973.890625 -157284.328125
92018.382813 -177127.609375
1481.912109 -216791.343750
-114468.328125 -198462.828125
-207053.125000 -112063.546875
-228121.031250 -66936.031250
-188767.578125 -113941.468750
-135650.171875 -176465.031250
-81939.492188 -188067.359375
-3004.704346 -168433.343750
102231.992188 -148992.968750
180776.171875 -131208.171875
180790.531250 -129241.210938
119792.523438 -163423.156250
46742.613281 -198295.968750
-42124.777344 -166468.781250
-159606.968750 -74167.875000
-243590.890625 -4029.965088
-240262.156250 3579.797852
-201769.218750 -19757.927734
-178948.765625 -65099.625000
-125974.468750 -151427.218750
-15757.504883 -230430.703125
88640.367188 -220423.437500
141161.140625 -144146.890625
149506.234375 -107245.765625
103384.054688 -143269.140625
-1828.432251 -188975.531250
-114638.210938 -185415.500000
-188439.359375 -117337.179688
-223894.312500 -10048.297852
-229477.000000 52503.785156
-216325.015625 -4761.602539
-196327.921875 -127211.640625
-140944.859375 -187085.656250
-25950.611328 -166691.609375
88702.992188 -156521.453125
130922.625000 -188816.937500
113174.320313 -214017.921875
68256.750000 -213150.656250
-8354.583008 -201500.656250
-95802.859375 -161329.468750
-152242.531250 -81307.648438
-190847.468750 -11971.832031
-238021.062500 -175.293182
-259926.921875 -28357.734375
-222629.859375 -68577.671875
-153401.875000 -121025.789063
-83250.843750 -169627.531250
-5994.050293 -181783.156250
74160.187500 -168284.171875
112144.234375 -171973.296875
60649.605469 -197119.718750
-68944.500000 -204531.421875
-191815.656250 -160067.000000
-229297.140625 -59297.429688
-200938.734375 54519.875000
-186525.812500 96406.429688
-213897.937500 28623.070313
-238616.562500 -78459.851563
-209243.046875 -146010.953125
-114569.343750 -184672.921875
8171.150879 -212588.015625
107278.625000 -179508.312500
174584.875000 -74086.359375
229347.812500 13455.817383
245655.328125 40540.152344
180563.234375 90738.601563
63706.132813 202120.468750
-39266.437500 263056.187500
-120743.617188 189962.312500
-194980.312500 69166.656250
-226556.531250 6362.725098
-187613.687500 -34360.253906
-116956.671875 -123734.960938
-45910.054688 -215300.312500
47717.425781 -221438.406250
149476.984375 -151923.968750
185409.343750 -73198.609375
154955.593750 -6148.794434
157453.906250 48505.757813
218207.656250 52304.339844
236673.500000 -20437.044922
175807.984375 -115138.101563
136035.578125 -144131.515625
176986.578125 -87326.390625
231300.953125 -12066.119141
235313.875000 2352.439453
195698.859375 -59275.253906
128729.031250 -147464.265625
53538.714844 -203878.687500
-2495.131348 -208630.718750
-53885.960938 -187311.796875
-115750.367188 -182477.906250
-122634.968750 -204516.625000
-32921.890625 -217201.328125
50594.015625 -196705.937500
24713.968750 -177481.171875
-56524.046875 -192055.734375
-102344.468750 -204288.562500
-113706.898438 -171189.187500
-98506.140625 -129806.117188
-38197.781250 -143897.906250
8161.929199 -198874.593750
-51529.050781 -223846.937500
-176231.687500 -194626.984375
-225790.031250 -155072.937500
-153814.359375 -151537.187500
-54132.164063 -184521.687500
-30915.939453 -213494.937500
-89155.570313 -196417.890625
-151613.156250 -143907.484375
-156770.703125 -121594.765625
-114693.976563 -163437.000000
-61809.101563 -214583.296875
-19505.572266 -214776.281250
-19658.642578 -186495.671875
-83257.671875 -165302.906250
-156905.203125 -115687.835938
-173143.343750 -9477.050781
-157476.921875 97123.367188
-164780.875000 150695.343750
-174435.078125 166516.343750
-162444.578125 155045.765625
-171107.296875 106444.015625
-207283.312500 66417.453125
-204994.953125 93105.523438
-147301.687500 152370.671875
-77868.085938 176198.437500
5811.536133 170236.906250
117569.164063 162630.687500
200843.890625 133636.296875
214356.093750 78321.734375
193444.828125 53810.929688
147719.984375 105494.601563
45913.070313 196863.187500
-74943.820313 236608.656250
-146987.140625 169979.234375
-182115.171875 47678.882813
-204941.656250 -37342.488281
-178215.671875 -87448.484375
-110517.710938 -170608.109375
-93817.484375 -253972.687500
-151907.046875 -229601.937500
-201684.343750 -103815.234375
-194451.453125 18569.986328
-155996.046875 106278.414063
-110083.273438 183033.093750
-78277.843750 215298.265625
-94044.992188 177417.687500
-138331.781250 125812.257813
-148618.125000 101855.570313
-123856.250000 89479.804688
-108805.296875 105414.187500
-79963.796875 171214.187500
19605.738281 212731.281250
150616.390625 153582.234375
214370.171875 47988.468750
193372.687500 -26604.263672
142787.468750 -102459.882813
81532.242188 -212970.109375
-8648.887695 -279733.062500
-114762.484375 -231121.937500
-196530.828125 -115612.421875
-226802.015625 -9543.170898
-194708.609375 79290.804688
-109084.109375 154577.328125
-9161.525391 182181.937500
67620.226563 151974.671875
120757.101563 106952.187500
165431.375000 74605.601563
201272.015625 41402.019531
215836.734375 19400.326172
193808.265625 58606.335938
125462.304688 153977.406250
25317.998047 215547.937500
-73457.140625 189162.765625
-143870.546875 142779.937500
-159919.921875 160672.453125
-96806.820313 210914.375000
23432.929688 204788.953125
127837.101563 137461.296875
168251.000000 69646.640625
159907.484375 12050.668945
134623.093750 -64901.386719
101229.812500 -143664.421875
55626.906250 -183975.625000
6041.841309 -191525.203125
-12714.104492 -186173.265625
30503.511719 -165764.281250
104301.453125 -148569.531250
129544.078125 -163230.218750
72101.468750 -185225.421875
-18341.882813 -184442.593750
-63654.820313 -196505.921875
-27678.664063 -238366.937500
48729.371094 -247673.531250
80745.812500 -208253.953125
39618.746094 -198826.171875
-11895.933594 -240386.093750
-17043.220703 -257177.796875
10275.897461 -225666.328125
42700.007813 -199733.468750
68482.398438 -198600.125000
59441.324219 -202869.031250
3058.393311 -205123.437500
-63982.722656 -182813.875000
-120726.242188 -110048.359375
-179253.562500 -16368.375000
-206807.531250 63605.136719
-156529.812500 151062.046875
-68641.960938 241017.484375
-2476.309814 260017.406250
71888.093750 184634.859375
178268.500000 85525.328125
239366.500000 5327.612793
197904.375000 -84381.226563
104297.921875 -181815.343750
6705.181152 -225612.796875
-100026.734375 -187966.406250
-185407.765625 -111916.273438
-198539.937500 -39734.425781
-173053.156250 29178.898438
-182174.421875 88030.671875
-218931.812500 94968.867188
-227049.359375 32880.605469
-192926.390625 -60217.691406
-128377.007813 -149750.640625
-34261.820313 -220908.671875
65276.585938 -233929.156250
125930.539063 -164462.265625
146422.546875 -64347.019531
161079.953125 20427.310547
168836.281250 112834.765625
135606.781250 198508.781250
61501.890625 207303.281250
-3124.332520 168778.781250
-3458.833984 183281.046875
68524.015625 221352.421875
151048.234375 192533.421875
157951.437500 160144.062500
76081.773438 218832.625000
-6799.954102 272935.281250
1954.779663 209982.953125
95449.992188 128436.382813
182507.796875 136525.125000
199478.375000 131097.406250
175390.625000 5512.416016
158365.187500 -142257.281250
121774.171875 -195051.500000
20045.056641 -193150.156250
-105246.109375 -189486.578125
-174211.484375 -134236.218750
-182380.453125 -6844.082031
-174490.218750 110087.851563
-162630.968750 156640.031250
-147029.281250 160211.078125
-151905.515625 143655.921875
-185634.031250 92079.085938
-221294.375000 31266.298828
-232903.546875 28844.009766
-210333.406250 91314.257813
-163626.156250 144528.421875
-136236.312500 135080.187500
-164213.843750 78435.914063
-218754.890625 700.100952
-238818.578125 -87602.140625
-193828.734375 -157968.046875
-85129.953125 -181845.890625
53693.121094 -170680.078125
157645.046875 -136781.609375
202224.750000 -59395.125000
228023.140625 52503.011719
232245.203125 136937.093750
147390.656250 169259.234375
-8594.554688 186706.796875
-116719.984375 193823.453125
-146913.859375 148558.328125
-182406.859375 51262.328125
-224478.843750 -55292.097656
-181100.890625 -154956.750000
-71058.765625 -237919.000000
-30800.712891 -260454.031250
-99633.929688 -204453.484375
-179282.187500 -115766.000000
-205747.765625 -32795.710938
-199968.843750 51995.335938
-168673.750000 135678.984375
-108015.312500 185265.125000
-78472.421875 185513.125000
-132217.593750 146889.156250
-200773.625000 70129.351563
-186006.718750 -42207.781250
-114451.773438 -146571.421875
-80641.265625 -187033.375000
-100389.882813 -165832.750000
-130129.695313 -129887.437500
-161209.765625 -81096.843750
-193751.109375 19997.587891
-181752.046875 145594.656250
-91924.726563 204441.640625
29823.699219 180922.296875
114470.789063 145745.750000
156331.093750 113515.078125
189679.171875 34256.882813
207208.312500 -73639.070313
168497.781250 -137612.781250
88352.031250 -158775.078125
43971.136719 -178512.343750
72626.710938 -172716.375000
127865.054688 -120202.851563
150838.640625 -92934.492188
123386.460938 -143981.421875
62928.105469 -204389.687500
21992.464844 -205705.281250
48888.226563 -187068.171875
114895.000000 -181801.890625
158056.343750 -132310.203125
186699.859375 -14981.983398
222231.875000 88926.148438
199588.453125 131166.937500
76912.546875 162310.812500
-53136.750000 196145.953125
-109519.382813 164859.546875
-143651.812500 60997.457031
-191308.406250 -34415.972656
-177604.015625 -94596.937500
-74931.789063 -157332.046875
22652.654297 -200575.437500
61148.187500 -174107.531250
98365.351563 -114001.085938
166588.234375 -70426.039063
211477.984375 -8535.237305
202679.468750 84435.687500
187293.734375 124623.210938
198247.281250 70420.546875
198107.828125 -10906.877930
153209.078125 -70022.617188
88722.195313 -120022.796875
28662.376953 -158744.281250
-31384.568359 -177900.265625
-51078.210938 -196476.734375
30917.523438 -204217.625000
160503.718750 -167768.109375
209155.453125 -105561.640625
172041.468750 -37578.535156
145172.921875 73406.367188
121731.890625 208112.218750
22323.214844 254580.000000
-113243.257813 189497.640625
-179039.859375 115784.289063
-183818.718750 65267.898438
-196711.828125 -18766.554688
-210683.562500 -97656.609375
-200849.531250 -72286.375000
-196077.250000 25561.208984
-199521.953125 90980.835938
-163544.312500 128720.718750
-77109.492188 193301.859375
33424.984375 238535.843750
153749.156250 185655.765625
240857.375000 56355.007813
230803.578125 -73652.976563
150120.718750 -168638.062500
84664.929688 -213003.406250
21556.886719 -191487.125000
-105722.554688 -131268.046875
-237781.328125 -74592.734375
-256554.546875 -6257.863770
-194210.734375 91313.929688
-178413.625000 147753.765625
-219423.515625 93719.406250
-228803.375000 -9715.852539
-193782.593750 -51550.820313
-174821.765625 -16744.050781
-173793.109375 45840.281250
-134724.265625 112926.320313
-47758.632813 169744.750000
38947.671875 193221.796875
87340.359375 189496.421875
87863.242188 179810.984375
38747.777344 167079.218750
-43462.296875 160047.968750
-118900.023438 162809.859375
-163192.406250 125119.828125
-180841.453125 4729.640625
-165108.453125 -134004.328125
-97741.312500 -194242.703125
-4895.207031 -184056.359375
45787.039063 -179344.796875
20898.441406 -197221.234375
-53257.308594 -192585.703125
-136887.515625 -138830.812500
-196566.515625 -50868.253906
-195716.171875 47465.347656
-124962.382813 139615.531250
-28326.556641 202563.906250
47864.933594 209941.625000
103323.585938 173384.078125
141685.187500 146106.390625
132567.625000 149334.140625
69045.257813 148460.937500
15291.638672 135580.812500
39012.585938 144856.406250
127015.648438 156151.812500
208445.031250 101877.109375
232246.328125 -11136.609375
196824.156250 -108667.015625
139449.265625 -162858.625000
114513.093750 -182283.515625
147328.890625 -145190.546875
199736.859375 -49429.355469
208914.578125 50414.406250
156422.828125 123437.960938
70771.070313 184141.359375
-21995.525391 217167.812500
-115184.546875 188926.984375
-195986.453125 121279.687500
-234603.062500 68487.304688
-215234.437500 60520.187500
-160656.078125 106473.718750
-97714.117188 182539.500000
-19406.625000 214290.484375
76828.703125 153899.468750
152755.375000 46467.156250
183472.171875 -47009.691406
186789.859375 -126589.343750
154805.593750 -200101.171875
53903.679688 -231454.781250
-76567.226563 -192761.171875
-150643.750000 -121254.929688
-164239.234375 -88638.179688
-166366.937500 -119407.664063
-147326.078125 -162316.015625
-93862.312500 -169043.734375
-74520.000000 -165408.343750
-135615.046875 -177721.640625
-205302.578125 -146744.453125
-202764.000000 -24630.380859
-144817.468750 111353.500000
-87430.078125 168081.796875
-62046.363281 177048.890625
-88664.234375 198681.281250
-161465.281250 190377.171875
-222182.218750 98771.070313
-213572.500000 -21700.630859
-146491.421875 -95936.835938
-82198.359375 -132976.234375
-72919.796875 -160474.390625
-128029.312500 -152621.234375
-205390.625000 -82921.148438
-236312.437500 25031.416016
-190885.703125 124600.398438
-111301.453125 182448.546875
-57919.984375 195902.984375
-48483.671875 187698.500000
-76856.718750 158902.390625
-142260.000000 81563.000000
-211491.625000 -23876.236328
-217246.906250 -89088.531250
-162176.671875 -112975.656250
-144274.546875 -147751.796875
-202506.281250 -161333.718750
-245147.687500 -93435.531250
-212577.203125 -24419.861328
-174398.546875 -71022.992188
-182714.968750 -167971.828125
-186195.968750 -173507.609375
-162830.953125 -100523.234375
-169531.796875 -46451.257813
-208838.343750 -21284.181641
-210991.406250 -10079.844727
-167735.312500 -59879.718750
-132771.921875 -175044.781250
-103059.164063 -260288.234375
-34503.546875 -248895.062500
58958.023438 -175134.234375
127618.468750 -88911.390625
158839.671875 2863.242188
163135.656250 98144.406250
138265.312500 170661.578125
75859.101563 193410.328125
-26076.181641 168633.031250
-145023.171875 122213.468750
-226807.250000 65709.289063
-238564.296875 -16074.172852
-201106.390625 -122548.078125
-128886.015625 -207111.906250
-16555.843750 -221820.421875
79664.109375 -182219.296875
76924.460938 -153898.937500
7346.637207 -173031.125000
-27414.812500 -211152.687500
-25525.326172 -225959.375000
-38760.621094 -210457.000000
-25310.794922 -177509.718750
69470.664063 -133019.265625
176872.937500 -77893.351563
205079.375000 -10997.910156
168151.218750 63882.683594
113409.617188 124937.382813
42912.753906 155786.156250
-40875.761719 168133.515625
-118748.390625 156535.875000
-181531.875000 79682.859375
-205593.781250 -52977.105469
-163013.546875 -156471.328125
-82254.078125 -188105.109375
-5901.550781 -185060.218750
81166.156250 -160564.031250
178602.640625 -97225.250000
220596.906250 -29364.298828
198647.453125 4527.301758
195774.265625 27618.712891
228496.765625 35418.929688
215506.640625 -28998.957031
133714.687500 -136832.234375
44731.914063 -187333.906250
-27896.712891 -183778.187500
-102191.687500 -201109.937500
-144503.984375 -219179.859375
-96838.687500 -188863.578125
14691.782227 -170564.937500
79403.414063 -216995.687500
25747.460938 -248597.171875
-85724.257813 -205083.203125
-132714.968750 -162746.765625
-87059.484375 -180531.453125
-32434.529297 -202742.781250
-27390.265625 -194831.390625
-48268.191406 -199364.406250
-73768.835938 -211905.156250
-115050.726563 -164780.015625
-154903.171875 -53111.714844
-157668.078125 54254.496094
-138138.843750 114602.210938
-142259.062500 125424.015625
-171915.796875 86257.929688
-190623.828125 23320.279297
-188267.484375 -3748.162109
-189468.109375 32127.798828
-199832.921875 98241.351563
-190333.546875 142414.015625
-157746.203125 126855.421875
-152457.578125 57237.757813
-197152.140625 -401.672424
-230524.750000 18659.832031
-192288.906250 98595.273438
-104099.296875 173380.875000
-8962.000977 205886.890625
88885.976563 192791.781250
169679.984375 136698.609375
186521.531250 52312.578125
154667.984375 -33474.238281
143379.468750 -103534.640625
157921.562500 -150080.953125
153036.437500 -154435.203125
152292.765625 -100470.992188
201489.218750 -24259.527344
234227.390625 -12358.208008
160941.265625 -96717.320313
53241.640625 -185480.625000
53509.988281 -181629.062500
147835.406250 -120079.476563
207397.578125 -74910.945313
190890.515625 -15743.186523
145261.812500 100470.320313
90857.882813 202974.796875
41586.832031 218123.812500
41183.570313 189488.406250
89173.429688 175822.281250
132729.031250 161931.328125
153528.046875 142945.640625
157252.421875 158285.734375
124840.984375 202026.859375
81018.117188 214003.593750
108573.945313 168279.406250
199544.203125 97424.828125
233499.718750 52143.089844
167772.281250 73347.828125
86767.031250 157033.218750
48770.882813 229603.125000
53973.890625 211474.812500
116055.765625 113946.070313
200887.328125 30957.140625
202444.500000 33966.183594
118054.437500 105907.632813
83287.570313 175129.218750
139900.234375 187356.140625
177928.421875 140692.859375
154550.750000 71809.367188
139287.828125 28539.648438
140761.765625 49663.187500
113213.867188 135857.234375
93055.960938 222713.109375
138078.453125 223524.156250
205368.593750 134834.265625
226672.687500 55476.707031
208467.515625 62170.675781
176015.421875 122622.375000
126399.851563 166974.015625
83471.078125 174543.812500
95462.648438 155860.593750
153826.156250 118188.132813
199607.718750 80057.921875
206355.906250 74930.093750
181844.703125 121238.812500
113205.367188 193314.234375
-6430.887207 226625.406250
-122949.375000 186402.859375
-171065.718750 129167.335938
-151832.640625 130451.734375
-103594.703125 173979.750000
-48684.960938 198068.921875
-18137.898438 197775.906250
-50016.640625 190823.093750
-114208.898438 165790.828125
-127125.125000 137743.390625
-72346.234375 153096.421875
-16464.730469 198537.875000
-2045.665649 212782.562500
-18617.908203 187927.140625
-62256.851563 161832.250000
-134982.656250 139230.218750
-203415.843750 89649.523438
-219285.421875 -6188.177246
-165981.703125 -125591.437500
-67750.632813 -206195.781250
28874.550781 -210943.828125
94410.976563 -174872.437500
142713.843750 -129710.429688
184931.484375 -48385.917969
183112.984375 65414.441406
113070.742188 143630.859375
28619.449219 167412.796875
-19526.300781 178990.109375
-69173.687500 167409.937500
-159328.984375 92395.656250
-232841.968750 -9255.068359
-225802.187500 -72530.164063
-183058.906250 -89936.585938
-185971.765625 -63380.882813
-221487.109375 20180.345703
-207876.468750 122440.101563
-116854.531250 181593.984375
-8035.468750 200276.812500
47425.523438 209392.468750
37671.757813 203878.875000
-7348.173340 183661.171875
-74180.632813 166895.921875
-158496.000000 125942.843750
-217395.515625 24797.705078
-211449.593750 -78161.664063
-185943.578125 -90959.312500
-203943.875000 -27055.548828
-216189.218750 39484.695313
-136330.968750 103710.343750
-12718.939453 189441.984375
34983.253906 249147.765625
7351.512207 233493.218750
-7704.493164 194436.406250
903.657532 203350.437500
-9770.130859 235038.203125
-17743.958984 231054.906250
22220.695313 206711.453125
76925.296875 207241.812500
81627.781250 221354.531250
39792.492188 213468.640625
3093.188965 193348.593750
-1530.542358 195654.031250
26174.927734 217464.859375
88639.789063 213990.812500
175259.296875 151146.765625
240684.781250 47069.753906
240411.906250 -47987.742188
187709.750000 -103570.976563
141352.375000 -115700.390625
136691.453125 -77477.679688
164055.421875 2178.969238
202153.281250 62656.054688
222143.812500 39799.925781
185150.578125 -58144.480469
94275.531250 -165955.125000
2625.397217 -227462.093750
-76076.804688 -220310.234375
-174645.500000 -154614.312500
-259670.328125 -63082.910156
-247879.718750 33062.601563
-151941.421875 131648.609375
-56809.761719 206745.296875
23945.554688 208531.218750
112225.210938 128760.960938
169661.265625 16961.716797
177740.593750 -81102.453125
177932.000000 -156511.765625
144569.828125 -208044.218750
13944.062500 -221991.187500
-132675.875000 -188698.531250
-155192.843750 -128931.125000
-91919.000000 -100025.367188
-68100.273438 -144201.203125
-69850.078125 -219663.515625
-39126.792969 -239648.000000
-38938.027344 -190816.875000
-122116.953125 -129290.539063
-201742.125000 -59234.980469
-196433.046875 57394.019531
-150739.593750 173437.796875
-137846.468750 196355.515625
-169256.468750 142565.609375
-212603.140625 88152.265625
-219703.093750 17925.429688
-168435.843750 -104454.882813
-95307.492188 -204725.234375
-31888.464844 -206474.859375
45250.031250 -156226.750000
134238.796875 -111594.515625
176796.375000 -50003.855469
164698.031250 35444.136719
151056.781250 110514.398438
131808.546875 183864.671875
56397.300781 260484.625000
-54462.816406 268000.531250
-134093.703125 169418.625000
-172787.593750 44724.179688
-189067.140625 -43515.425781
-160434.171875 -126460.687500
-69042.109375 -210679.671875
42833.117188 -237752.406250
119941.507813 -194596.015625
153781.156250 -136749.812500
165932.312500 -105813.007813
157776.234375 -109790.812500
112976.554688 -145182.625000
59221.683594 -182611.828125
67343.156250 -180645.203125
133271.562500 -137918.109375
143885.203125 -86193.703125
47743.480469 -38860.500000
-47322.718750 5790.798828
-46294.183594 26609.478516
-4480.409668 -1341.183960
3969.946777 -50346.488281
2610.976074 -57617.011719
15465.896484 -19858.447266
6943.775879 -7976.738281
-26531.886719 -45921.886719
-41096.101563 -56368.531250
-30847.443359 3259.169678
-17816.353516 49023.585938
4814.642090 10120.969727
32256.673828 -44757.277344
24151.542969 -29525.375000
-17590.023438 16140.348633
-34917.242188 11520.173828
-10895.326172 -31627.242188
10402.330078 -49687.644531
9538.911133 -27573.552734
11948.589844 3107.472900
27040.587891 15871.206055
34596.519531 6988.644043
26329.191406 -8859.921875
18167.949219 -11687.490234
20961.130859 1186.804443
21595.277344 9996.751953
6310.802246 -3418.354004
-4303.459473 -29341.257813
19271.794922 -35422.796875
50413.785156 -7741.014648
31522.394531 25474.642578
-20801.189453 32237.460938
-26093.511719 21585.048828
23594.687500 21864.089844
46898.773438 38776.062500
13934.596680 56690.214844
-15118.801758 55312.449219
-8261.910156 26068.160156
577.847168 -2372.213379
-5543.281738 6693.312500
-8708.988281 25477.695313
-4804.252441 -2952.057617
1748.681396 -54956.812500
12442.336914 -64229.972656
9687.475586 -45544.589844
-16833.734375 -48493.054688
-24671.804688 -46078.703125
14157.799805 -6787.345703
45859.289063 16278.784180
27239.589844 -9941.983398
3808.456543 -25267.087891
12640.790039 1583.346313
16116.081055 15051.439453
-7401.687500 -7193.305176
-24550.365234 -13990.083008
-23009.123047 11804.677734
-18438.906250 26239.642578
-8862.080078 9215.742188
-1150.750488 -13780.909180
